################################################################################
# Neural network connection values (weights and biases).
################################################################################
# Col  Name       Description
################################################################################
# 1    connection Neural network connection value.
# 2    t          Connection type (a = weight, b = bias).
# 3    index      Index enumerating weights.
# 4    l_s        Starting point layer (end point layer for biases).
# 5    n_s        Starting point neuron in starting layer (end point neuron for biases).
# 6    l_e        End point layer.
# 7    n_e        End point neuron in end layer.
################################################################################
#                      1 2         3     4     5     6     7
#             connection t     index   l_s   n_s   l_e   n_e
############################################################
  8.3926393025458601E-01 a         1     0     1     1     1
 -1.3626552253013834E+01 a         2     0     1     1     2
 -3.5288772356251958E+00 a         3     0     1     1     3
  2.0580748024123068E+00 a         4     0     1     1     4
 -5.1716831404380148E+00 a         5     0     1     1     5
 -1.3641259997236204E+00 a         6     0     1     1     6
  4.0158630486636033E+00 a         7     0     1     1     7
 -2.1360467834066079E+00 a         8     0     1     1     8
 -1.6859008008479803E+00 a         9     0     1     1     9
 -1.8675457849617219E+00 a        10     0     1     1    10
 -5.6629925267050893E+00 a        11     0     1     1    11
 -3.0404679766267546E+00 a        12     0     1     1    12
  9.5981941479074795E+00 a        13     0     1     1    13
 -1.4295742257595521E+00 a        14     0     1     1    14
  3.9446884976132324E-01 a        15     0     1     1    15
 -2.6274437243474131E+00 a        16     0     1     1    16
 -1.8190892369717535E+00 a        17     0     1     1    17
 -1.0301496944818320E+01 a        18     0     1     1    18
  2.4794796766446385E+01 a        19     0     1     1    19
 -1.1811961622356377E+00 a        20     0     1     1    20
  3.6804519520101149E+00 a        21     0     1     1    21
 -9.2645481957509412E-01 a        22     0     1     1    22
  6.3615529816547873E+00 a        23     0     1     1    23
 -2.5206915400481082E+00 a        24     0     1     1    24
 -9.5639843553522379E+00 a        25     0     1     1    25
 -8.7258117159440296E+00 a        26     0     2     1     1
  1.3502960179772584E+01 a        27     0     2     1     2
 -2.5580788444711451E+00 a        28     0     2     1     3
 -3.1238265159814765E-01 a        29     0     2     1     4
  8.5213032847062546E+00 a        30     0     2     1     5
  2.8673526122266296E-01 a        31     0     2     1     6
  2.8208441347404056E+00 a        32     0     2     1     7
  1.8635764703632229E-01 a        33     0     2     1     8
  4.5144289157869073E+00 a        34     0     2     1     9
 -6.2310879956296084E-01 a        35     0     2     1    10
  8.1843144523591018E+00 a        36     0     2     1    11
  2.6758003461148552E+00 a        37     0     2     1    12
 -9.3720217290032615E+00 a        38     0     2     1    13
 -3.8236941440856898E+00 a        39     0     2     1    14
 -6.3705047663926528E+00 a        40     0     2     1    15
  1.4794341738436874E+00 a        41     0     2     1    16
  1.3557310364903072E+00 a        42     0     2     1    17
  1.1535003678460217E+01 a        43     0     2     1    18
 -2.5862860736996481E+01 a        44     0     2     1    19
 -4.1350513415552193E-01 a        45     0     2     1    20
 -2.4313382079944792E+00 a        46     0     2     1    21
 -6.5705390616077137E+00 a        47     0     2     1    22
 -3.5976871045728527E+00 a        48     0     2     1    23
 -9.7930840094161571E+00 a        49     0     2     1    24
 -9.8974999799552830E+00 a        50     0     2     1    25
  1.9338016677042908E+00 a        51     0     3     1     1
  1.9689712880789077E+01 a        52     0     3     1     2
  7.4366518001934265E+00 a        53     0     3     1     3
 -5.6848995595009439E+00 a        54     0     3     1     4
  9.9266078308977530E+00 a        55     0     3     1     5
  5.7265250454846572E-01 a        56     0     3     1     6
 -1.0571209740503907E+01 a        57     0     3     1     7
  7.2594865999894544E+00 a        58     0     3     1     8
  3.5383723627372832E+00 a        59     0     3     1     9
  4.8801539974639319E+00 a        60     0     3     1    10
  1.2755515482439788E+01 a        61     0     3     1    11
  5.8277992615524399E+00 a        62     0     3     1    12
 -1.5186448473605612E+01 a        63     0     3     1    13
  2.2676357729302081E+00 a        64     0     3     1    14
  2.7525263568727700E+00 a        65     0     3     1    15
  4.7853781229032135E+00 a        66     0     3     1    16
  1.6764941844759371E+00 a        67     0     3     1    17
  2.5730839804360887E+01 a        68     0     3     1    18
 -3.8279256561846353E+01 a        69     0     3     1    19
  5.3901021174970776E+00 a        70     0     3     1    20
 -7.9892086401301068E+00 a        71     0     3     1    21
  2.6517605023060895E+00 a        72     0     3     1    22
 -1.0783420597602028E+01 a        73     0     3     1    23
  8.0088458293528113E+00 a        74     0     3     1    24
  2.1110000943238621E+01 a        75     0     3     1    25
  1.8482190028722016E+01 a        76     0     4     1     1
 -1.6796473007833676E+01 a        77     0     4     1     2
  7.2726214729288507E+00 a        78     0     4     1     3
  2.5112915676270942E+00 a        79     0     4     1     4
 -1.9038123839929057E+01 a        80     0     4     1     5
 -6.8729534806929715E-01 a        81     0     4     1     6
 -8.7487726540701587E+00 a        82     0     4     1     7
 -2.5541390524910859E+00 a        83     0     4     1     8
 -9.8232559239722903E+00 a        84     0     4     1     9
  4.6223534109400157E+00 a        85     0     4     1    10
 -1.8597448093231083E+01 a        86     0     4     1    11
 -4.3941286794706915E+00 a        87     0     4     1    12
  1.5503437067121505E+01 a        88     0     4     1    13
  1.2033290386629657E+01 a        89     0     4     1    14
  1.2439334092405574E+01 a        90     0     4     1    15
 -1.8719877233169688E-01 a        91     0     4     1    16
 -2.0557124025684690E+00 a        92     0     4     1    17
 -2.8201599482755089E+01 a        93     0     4     1    18
  3.6539173875638852E+01 a        94     0     4     1    19
  1.0205624913949041E-01 a        95     0     4     1    20
  4.3895479041677863E+00 a        96     0     4     1    21
  1.6895800082675741E+01 a        97     0     4     1    22
  8.2035983873537859E+00 a        98     0     4     1    23
  1.3886788299886273E+01 a        99     0     4     1    24
  2.0389307693767709E+01 a       100     0     4     1    25
 -8.3935816140101274E+00 a       101     0     5     1     1
 -1.8913314210851439E+01 a       102     0     5     1     2
 -1.4559114349594016E+00 a       103     0     5     1     3
  2.0557592911916416E+00 a       104     0     5     1     4
 -1.3809542511832246E+01 a       105     0     5     1     5
  6.7286201312763050E-01 a       106     0     5     1     6
  9.7995856842323654E+00 a       107     0     5     1     7
 -4.9238445530718336E+00 a       108     0     5     1     8
 -1.7194370806658255E+00 a       109     0     5     1     9
 -7.0307846669739638E+00 a       110     0     5     1    10
 -1.3421918123683113E+01 a       111     0     5     1    11
 -6.6885511781204592E+00 a       112     0     5     1    12
  1.2881054011852600E+01 a       113     0     5     1    13
 -3.3850200290779715E+00 a       114     0     5     1    14
 -1.0178334127913921E+01 a       115     0     5     1    15
 -3.8654742166371090E+00 a       116     0     5     1    16
  6.4768629304942698E+00 a       117     0     5     1    17
 -3.1585863205816672E+01 a       118     0     5     1    18
  3.2976190342774210E+01 a       119     0     5     1    19
 -9.2300480252657682E+00 a       120     0     5     1    20
  8.2043296728797497E+00 a       121     0     5     1    21
 -2.4282596247862878E+00 a       122     0     5     1    22
  5.1847530984392334E+00 a       123     0     5     1    23
 -2.0821332446168843E+00 a       124     0     5     1    24
 -1.9240609930824398E+01 a       125     0     5     1    25
 -1.8987450390669853E+01 a       126     0     6     1     1
  5.2220546546246069E+00 a       127     0     6     1     2
 -3.5608487379374725E+00 a       128     0     6     1     3
 -6.5066916776887380E+00 a       129     0     6     1     4
  1.7015548446959183E+01 a       130     0     6     1     5
  2.3234089571323553E+00 a       131     0     6     1     6
  6.0565594867953383E+00 a       132     0     6     1     7
  6.8466349491882701E+00 a       133     0     6     1     8
  8.2149311506756586E+00 a       134     0     6     1     9
 -9.8514113168835902E+00 a       135     0     6     1    10
  2.1405176325148805E+01 a       136     0     6     1    11
  2.8605620309894100E+00 a       137     0     6     1    12
 -9.3274010577435575E+00 a       138     0     6     1    13
 -1.5152214191575746E+01 a       139     0     6     1    14
 -4.5605253010305011E+00 a       140     0     6     1    15
 -2.0440422053192657E+00 a       141     0     6     1    16
  2.7714247483238759E+00 a       142     0     6     1    17
  2.2321089019302139E+01 a       143     0     6     1    18
 -2.1606584581875065E+01 a       144     0     6     1    19
  6.7127928806088299E-01 a       145     0     6     1    20
 -6.7889968139093360E-01 a       146     0     6     1    21
 -1.4127135190229582E+01 a       147     0     6     1    22
 -9.7331018502087652E+00 a       148     0     6     1    23
 -7.8849535533841424E+00 a       149     0     6     1    24
 -1.5498663480009546E+01 a       150     0     6     1    25
  1.3956849062305693E+01 a       151     0     7     1     1
  1.6598349774005978E+01 a       152     0     7     1     2
 -1.1599764349186620E+01 a       153     0     7     1     3
  7.2166292380916870E+00 a       154     0     7     1     4
  2.0069489140903649E+01 a       155     0     7     1     5
  1.5227925123433819E-01 a       156     0     7     1     6
  7.6902889174569253E+00 a       157     0     7     1     7
 -5.0015060069531381E-01 a       158     0     7     1     8
  5.2807026724376254E+00 a       159     0     7     1     9
  1.0362638943151858E+01 a       160     0     7     1    10
  8.3412818507822362E+00 a       161     0     7     1    11
  6.7023727129444346E+00 a       162     0     7     1    12
 -1.2067351132352568E+01 a       163     0     7     1    13
  1.0147231310951241E+00 a       164     0     7     1    14
  7.0144378682809645E+00 a       165     0     7     1    15
  1.8217000922847613E+00 a       166     0     7     1    16
 -9.5491069722315221E+00 a       167     0     7     1    17
  2.3582016928302842E+01 a       168     0     7     1    18
 -2.0049517991918190E+01 a       169     0     7     1    19
  4.3261434603437392E+00 a       170     0     7     1    20
 -1.0088911779541961E+01 a       171     0     7     1    21
 -9.6623547441852189E+00 a       172     0     7     1    22
 -1.4236373385291297E+00 a       173     0     7     1    23
 -1.3062067224101538E+01 a       174     0     7     1    24
  1.5188109757660593E+01 a       175     0     7     1    25
  1.3785249549764414E+01 a       176     0     8     1     1
  1.4143040873371626E+00 a       177     0     8     1     2
  1.5310021870465524E+00 a       178     0     8     1     3
  1.0739364728579261E+01 a       179     0     8     1     4
 -8.0426443108913066E+00 a       180     0     8     1     5
 -3.4997679004208018E+00 a       181     0     8     1     6
  2.6767300514376564E+00 a       182     0     8     1     7
 -2.1471489657716338E+00 a       183     0     8     1     8
  1.2172164176996318E+00 a       184     0     8     1     9
  9.6189134778616001E+00 a       185     0     8     1    10
 -1.7423644599688586E+01 a       186     0     8     1    11
 -1.2848327263098471E+00 a       187     0     8     1    12
  4.3644674897183761E-01 a       188     0     8     1    13
  1.4362133520273975E+01 a       189     0     8     1    14
 -3.7657216863836558E+00 a       190     0     8     1    15
  2.6429927438878273E+00 a       191     0     8     1    16
 -2.2474527060687137E+00 a       192     0     8     1    17
 -5.8062473334122950E+00 a       193     0     8     1    18
  7.5641665003061318E+00 a       194     0     8     1    19
  8.9144418214847720E-01 a       195     0     8     1    20
 -2.6089986044159681E+00 a       196     0     8     1    21
  5.1484645042823187E+00 a       197     0     8     1    22
  4.4550252018545065E+00 a       198     0     8     1    23
  1.8676062011294743E+00 a       199     0     8     1    24
  7.9362024642250173E+00 a       200     0     8     1    25
 -4.6391243711420236E+00 a       201     0     9     1     1
 -3.1683192006041505E+00 a       202     0     9     1     2
  8.3348391380478386E+00 a       203     0     9     1     3
 -8.5233529393566840E+00 a       204     0     9     1     4
 -1.4957509646766617E+01 a       205     0     9     1     5
 -8.7907331274579026E-01 a       206     0     9     1     6
 -1.9612747725963857E+01 a       207     0     9     1     7
  4.5250932871281596E-02 a       208     0     9     1     8
 -3.5308223181238736E+00 a       209     0     9     1     9
 -4.9479779433553377E+00 a       210     0     9     1    10
 -2.1692541067668714E+00 a       211     0     9     1    11
 -2.6558362379989520E+00 a       212     0     9     1    12
  7.3185120780413664E+00 a       213     0     9     1    13
  3.2415702537121738E+00 a       214     0     9     1    14
  2.9678852665845898E+00 a       215     0     9     1    15
  2.6231698162363895E+00 a       216     0     9     1    16
  5.7556650823290010E+00 a       217     0     9     1    17
 -1.3005899847004272E+01 a       218     0     9     1    18
  5.8386727220614043E+00 a       219     0     9     1    19
  1.0029292930271212E+00 a       220     0     9     1    20
  7.9601344638866181E+00 a       221     0     9     1    21
  7.9302043543358218E+00 a       222     0     9     1    22
  2.3661199580369470E+00 a       223     0     9     1    23
  9.4362385586318975E+00 a       224     0     9     1    24
 -8.8815711437523177E+00 a       225     0     9     1    25
 -3.9715137032406318E+00 a       226     0    10     1     1
 -3.0306299208288068E+00 a       227     0    10     1     2
 -3.1966991631807571E+00 a       228     0    10     1     3
 -6.6538093294222280E+00 a       229     0    10     1     4
 -1.8738697919956446E+00 a       230     0    10     1     5
  1.7436221087341686E+00 a       231     0    10     1     6
 -4.6831550303885381E+00 a       232     0    10     1     7
 -4.3120850423989845E+00 a       233     0    10     1     8
 -9.0674513849549534E+00 a       234     0    10     1     9
 -3.8595717436761889E+00 a       235     0    10     1    10
  4.0649404544872665E+00 a       236     0    10     1    11
 -8.2049775674400482E-01 a       237     0    10     1    12
  5.2416082853069126E+00 a       238     0    10     1    13
 -6.8294697096970971E+00 a       239     0    10     1    14
  4.3502492062870370E+00 a       240     0    10     1    15
 -1.7674539557183677E+00 a       241     0    10     1    16
 -1.4775460182241500E+00 a       242     0    10     1    17
 -2.3878835077876461E+00 a       243     0    10     1    18
  1.1523854422462898E+00 a       244     0    10     1    19
 -1.4300532626753517E+00 a       245     0    10     1    20
  1.1028405797576184E+00 a       246     0    10     1    21
 -2.3604529925058864E+00 a       247     0    10     1    22
  2.2402165491784718E+00 a       248     0    10     1    23
  5.8310664020489034E+00 a       249     0    10     1    24
 -2.6425349826938551E+00 a       250     0    10     1    25
 -1.9828053648474027E+00 a       251     0    11     1     1
 -1.9561104603156891E+00 a       252     0    11     1     2
 -3.2615858195602359E+00 a       253     0    11     1     3
  3.1260736124875885E+00 a       254     0    11     1     4
  4.0454469385290821E+00 a       255     0    11     1     5
 -1.4568727955337804E-01 a       256     0    11     1     6
  1.0889255665381665E+01 a       257     0    11     1     7
 -2.4459672279732847E+00 a       258     0    11     1     8
  2.3828523572003162E+00 a       259     0    11     1     9
 -1.9516587535821937E+00 a       260     0    11     1    10
 -3.3237492625512227E-01 a       261     0    11     1    11
  1.4684316222486218E-01 a       262     0    11     1    12
 -2.6033534614079348E+00 a       263     0    11     1    13
 -2.8897143895955475E+00 a       264     0    11     1    14
 -4.3788389309084579E+00 a       265     0    11     1    15
 -3.7138051396558569E+00 a       266     0    11     1    16
  1.3061388312704902E+00 a       267     0    11     1    17
 -1.8741486790687507E+00 a       268     0    11     1    18
  1.9433783305000101E+00 a       269     0    11     1    19
 -1.8115949478960909E+00 a       270     0    11     1    20
 -4.0236183154115448E+00 a       271     0    11     1    21
 -3.5325936551281827E+00 a       272     0    11     1    22
 -1.8729304902915922E+00 a       273     0    11     1    23
 -2.6358052439007205E+00 a       274     0    11     1    24
  3.8343443148193259E+00 a       275     0    11     1    25
 -6.2352304892924926E-01 a       276     0    12     1     1
  1.2053251847961630E+00 a       277     0    12     1     2
  3.5108619557370031E+00 a       278     0    12     1     3
  1.8384255263777112E+00 a       279     0    12     1     4
  2.2105624179596304E+00 a       280     0    12     1     5
 -1.3846441929719118E+00 a       281     0    12     1     6
  2.9393021267616115E+00 a       282     0    12     1     7
  5.1570110739807209E+00 a       283     0    12     1     8
  6.1856354827066982E+00 a       284     0    12     1     9
  2.8328751189592616E-01 a       285     0    12     1    10
  8.2970757251751692E-01 a       286     0    12     1    11
  1.6523937113387854E+00 a       287     0    12     1    12
 -3.5561370300096637E+00 a       288     0    12     1    13
  1.2017908600056193E+00 a       289     0    12     1    14
  1.7791544031145949E+00 a       290     0    12     1    15
  4.3175865221148918E-01 a       291     0    12     1    16
  2.9572103695771106E+00 a       292     0    12     1    17
  2.0660759441829271E-01 a       293     0    12     1    18
 -1.7480098791721472E+00 a       294     0    12     1    19
  2.4689979442550971E+00 a       295     0    12     1    20
  2.0362517036042127E+00 a       296     0    12     1    21
  2.0534356122893760E+00 a       297     0    12     1    22
 -3.4979196864876023E+00 a       298     0    12     1    23
 -3.6300100776552946E+00 a       299     0    12     1    24
 -4.4070810721223774E-01 a       300     0    12     1    25
  8.1654960704125870E+00 a       301     0    13     1     1
  3.1630161697210935E-01 a       302     0    13     1     2
  1.7448740656822244E+00 a       303     0    13     1     3
 -2.5517939753946020E+00 a       304     0    13     1     4
 -2.2953380576643534E+00 a       305     0    13     1     5
  1.7235931737729321E-01 a       306     0    13     1     6
 -5.0611366117013130E+00 a       307     0    13     1     7
  1.9101310991766167E+00 a       308     0    13     1     8
 -1.6120207974167997E+00 a       309     0    13     1     9
  5.6088237145820123E+00 a       310     0    13     1    10
 -5.0188769390407451E-01 a       311     0    13     1    11
  1.6009665300291528E-01 a       312     0    13     1    12
  1.2865782115391706E+00 a       313     0    13     1    13
  1.8095198235373025E+00 a       314     0    13     1    14
  3.7243801108914112E+00 a       315     0    13     1    15
  2.4885137239313035E+00 a       316     0    13     1    16
  5.6610320254086322E-01 a       317     0    13     1    17
 -5.2166088148847718E-02 a       318     0    13     1    18
 -1.6159324701950531E-01 a       319     0    13     1    19
  2.0894809136882070E-01 a       320     0    13     1    20
  2.8555666973569673E+00 a       321     0    13     1    21
  2.8017616874417799E+00 a       322     0    13     1    22
  2.8021791231582066E-01 a       323     0    13     1    23
 -3.9504035375319728E+00 a       324     0    13     1    24
 -5.1857272116591560E+00 a       325     0    13     1    25
 -1.7192693991844099E+00 a       326     0    14     1     1
 -7.3063257062198106E-01 a       327     0    14     1     2
 -2.0775680556706635E+00 a       328     0    14     1     3
 -2.1328639529225564E+00 a       329     0    14     1     4
 -9.5972514434555178E-01 a       330     0    14     1     5
  3.8495452318806245E+00 a       331     0    14     1     6
 -2.6939036538175309E+00 a       332     0    14     1     7
 -3.1502543129991025E+00 a       333     0    14     1     8
 -4.5237273875653843E+00 a       334     0    14     1     9
 -2.0574361838266007E+00 a       335     0    14     1    10
  6.6601658518448115E-01 a       336     0    14     1    11
 -6.7865730886953157E+00 a       337     0    14     1    12
  5.0996689426037687E+00 a       338     0    14     1    13
 -2.0003750710479355E+00 a       339     0    14     1    14
 -1.0335668586939624E+00 a       340     0    14     1    15
 -6.8604559407865667E-02 a       341     0    14     1    16
 -2.7672143295565075E+00 a       342     0    14     1    17
 -7.9279842898638841E-01 a       343     0    14     1    18
  5.2598436846721330E-01 a       344     0    14     1    19
 -1.5775146993172480E+00 a       345     0    14     1    20
 -2.6679361760538307E+00 a       346     0    14     1    21
 -1.8897811628674106E+00 a       347     0    14     1    22
  4.5942750865946058E+00 a       348     0    14     1    23
  3.6618219509685672E+00 a       349     0    14     1    24
  1.1714879785850361E-01 a       350     0    14     1    25
 -5.7444345910648908E-01 a       351     0    15     1     1
  1.2136114469510474E-01 a       352     0    15     1     2
 -2.2284223634144333E-02 a       353     0    15     1     3
  1.0220431938845163E+01 a       354     0    15     1     4
  2.3197017449260469E+00 a       355     0    15     1     5
  5.1369608143383472E-01 a       356     0    15     1     6
  3.1178929591687643E+00 a       357     0    15     1     7
 -1.4059363185365807E+00 a       358     0    15     1     8
 -1.7972130523910240E-01 a       359     0    15     1     9
 -1.7134343791196234E+00 a       360     0    15     1    10
 -2.1321363535556848E-01 a       361     0    15     1    11
  1.0665523517970352E-01 a       362     0    15     1    12
 -1.2419127130539914E-01 a       363     0    15     1    13
 -5.5359613391482210E-01 a       364     0    15     1    14
 -2.8265294603362432E+00 a       365     0    15     1    15
  4.8409567398464615E-01 a       366     0    15     1    16
  2.4823092683429309E+00 a       367     0    15     1    17
 -9.2338069287962521E-01 a       368     0    15     1    18
  1.8999114861246397E-01 a       369     0    15     1    19
 -2.1242652275799812E-01 a       370     0    15     1    20
 -3.5335825847171215E-01 a       371     0    15     1    21
  1.6951511475892453E+00 a       372     0    15     1    22
  2.9885492676435227E-01 a       373     0    15     1    23
  2.9342699272546744E+00 a       374     0    15     1    24
  8.6214805273949313E-01 a       375     0    15     1    25
  4.2196567028144022E-01 a       376     0    16     1     1
 -7.9156590439334407E-01 a       377     0    16     1     2
 -1.0354703836490364E+00 a       378     0    16     1     3
  7.3434996749179104E-01 a       379     0    16     1     4
  2.5279283436812905E-01 a       380     0    16     1     5
 -5.6118471731783492E-01 a       381     0    16     1     6
  9.9472945974330107E-01 a       382     0    16     1     7
  6.7524599617009473E-01 a       383     0    16     1     8
  3.4548280404785287E-01 a       384     0    16     1     9
  1.1473034627015790E+00 a       385     0    16     1    10
  4.8200613191642244E-01 a       386     0    16     1    11
  1.9880425054312663E+00 a       387     0    16     1    12
 -9.8010821996916753E-01 a       388     0    16     1    13
  1.1058844944123887E+00 a       389     0    16     1    14
  2.0245823032541894E+00 a       390     0    16     1    15
 -9.3162036453370412E-01 a       391     0    16     1    16
 -3.0006475586123726E-01 a       392     0    16     1    17
  1.4434981698860931E+00 a       393     0    16     1    18
 -9.1089394563103110E-01 a       394     0    16     1    19
  2.0252971957627404E+00 a       395     0    16     1    20
  1.5819202146112583E+00 a       396     0    16     1    21
 -2.7927154552024375E-01 a       397     0    16     1    22
 -1.9602073567272360E+00 a       398     0    16     1    23
 -1.3195665057469508E-01 a       399     0    16     1    24
 -9.3566689854140517E-01 a       400     0    16     1    25
  3.7028730556864486E+00 a       401     0    17     1     1
 -1.7780025335136997E+00 a       402     0    17     1     2
  4.0421911422912569E+00 a       403     0    17     1     3
 -2.7688510730977511E+00 a       404     0    17     1     4
  1.1691075242888056E+00 a       405     0    17     1     5
  3.1865044130636986E+00 a       406     0    17     1     6
 -1.8393581673045074E+00 a       407     0    17     1     7
 -5.3348539286003405E+00 a       408     0    17     1     8
 -1.0418593971056614E+01 a       409     0    17     1     9
  8.4407534495107051E+00 a       410     0    17     1    10
 -6.3004172892364778E+00 a       411     0    17     1    11
 -5.5039993121550312E-01 a       412     0    17     1    12
  3.1279132876543958E+00 a       413     0    17     1    13
  2.3154782856872940E+00 a       414     0    17     1    14
  5.0356003379123282E-01 a       415     0    17     1    15
  2.3554201943069439E+00 a       416     0    17     1    16
 -6.3818791093230454E+00 a       417     0    17     1    17
  1.5700704250150839E+01 a       418     0    17     1    18
  8.3284737242110540E-01 a       419     0    17     1    19
  8.5087399186592017E-01 a       420     0    17     1    20
  1.2942866006151943E+00 a       421     0    17     1    21
  2.1712972320822610E+00 a       422     0    17     1    22
  2.8217428559040520E+00 a       423     0    17     1    23
  8.1422429205853550E+00 a       424     0    17     1    24
 -2.9419496417569477E+00 a       425     0    17     1    25
 -3.6170031873723407E+00 a       426     0    18     1     1
  2.2924262932706960E+00 a       427     0    18     1     2
 -6.1603806056991450E+00 a       428     0    18     1     3
  3.4460885382192306E+00 a       429     0    18     1     4
  1.1299379455224683E+01 a       430     0    18     1     5
  5.2612217479874457E-01 a       431     0    18     1     6
  1.6603039100784741E+01 a       432     0    18     1     7
  8.8017413931620758E-01 a       433     0    18     1     8
  6.4319187922543932E+00 a       434     0    18     1     9
 -4.2528926317221432E+00 a       435     0    18     1    10
  3.1909981833543148E+00 a       436     0    18     1    11
  3.3870690556497890E-01 a       437     0    18     1    12
 -5.6996615068989405E+00 a       438     0    18     1    13
 -2.7557697107020713E+00 a       439     0    18     1    14
 -8.5071563225954829E+00 a       440     0    18     1    15
 -5.3710987503230854E+00 a       441     0    18     1    16
 -1.3079871423556262E+00 a       442     0    18     1    17
 -2.8258317295687738E+00 a       443     0    18     1    18
  3.2151056193476282E+00 a       444     0    18     1    19
 -3.7583131131564338E+00 a       445     0    18     1    20
 -4.2007208268905272E+00 a       446     0    18     1    21
 -2.3326252979700386E+00 a       447     0    18     1    22
 -6.8352768489701186E+00 a       448     0    18     1    23
 -7.2923426544072667E+00 a       449     0    18     1    24
  3.2857107808077504E+00 a       450     0    18     1    25
  1.1263854050786897E+00 a       451     0    19     1     1
  1.0911955676332076E-01 a       452     0    19     1     2
 -1.4308984234348363E+00 a       453     0    19     1     3
 -3.2677519758716778E-01 a       454     0    19     1     4
  3.2442507634183793E-01 a       455     0    19     1     5
  8.2350139705947256E-01 a       456     0    19     1     6
  3.0389471744873531E-01 a       457     0    19     1     7
 -5.2403900830542915E-01 a       458     0    19     1     8
  3.4166458999431076E-02 a       459     0    19     1     9
  1.1019974194033528E+00 a       460     0    19     1    10
  9.4302670915036535E-01 a       461     0    19     1    11
  7.0784925134295340E-01 a       462     0    19     1    12
 -9.3390422140283957E-01 a       463     0    19     1    13
 -4.8986466241149118E-01 a       464     0    19     1    14
 -8.0377685994737280E-01 a       465     0    19     1    15
  8.6484280238966649E-02 a       466     0    19     1    16
  6.6901779156240160E-01 a       467     0    19     1    17
  9.0067806239989079E-01 a       468     0    19     1    18
 -1.1550861476620436E-01 a       469     0    19     1    19
 -7.5233080102419281E-01 a       470     0    19     1    20
 -8.7466526839416220E-02 a       471     0    19     1    21
  1.5699179509613139E+00 a       472     0    19     1    22
 -1.2273480429111199E+00 a       473     0    19     1    23
 -1.0299178815976502E+00 a       474     0    19     1    24
  3.4132600640140803E-01 a       475     0    19     1    25
 -6.1472479802362634E-01 a       476     0    20     1     1
  1.3583466805999554E-02 a       477     0    20     1     2
 -7.0176763220761640E-01 a       478     0    20     1     3
  2.4805538687641565E-01 a       479     0    20     1     4
  1.7808140307402018E-01 a       480     0    20     1     5
  1.2224102642967258E-01 a       481     0    20     1     6
  1.2701251494277650E-02 a       482     0    20     1     7
  1.9278774056199849E-01 a       483     0    20     1     8
 -2.9584298746333376E-01 a       484     0    20     1     9
  1.1932817735248227E-01 a       485     0    20     1    10
  8.5480281634693817E-02 a       486     0    20     1    11
 -1.6237793126229316E-02 a       487     0    20     1    12
 -1.7293106457933002E-01 a       488     0    20     1    13
 -1.6572567753990206E-01 a       489     0    20     1    14
 -8.3281831226571645E-01 a       490     0    20     1    15
 -9.9867245890514784E-03 a       491     0    20     1    16
 -3.6950063931243765E-01 a       492     0    20     1    17
  1.6256175328171483E+00 a       493     0    20     1    18
  3.1391380985509770E-01 a       494     0    20     1    19
  6.4190004943628393E-02 a       495     0    20     1    20
 -1.8017479184086185E-01 a       496     0    20     1    21
 -1.6686427349642476E+00 a       497     0    20     1    22
 -2.8969292123703611E-01 a       498     0    20     1    23
 -6.5008730344102006E-01 a       499     0    20     1    24
  6.4587155578081989E-01 a       500     0    20     1    25
 -1.5253080592335987E+01 a       501     0    21     1     1
  2.1392687713712788E+00 a       502     0    21     1     2
 -5.9837626965064370E+00 a       503     0    21     1     3
  4.9365478538270464E+00 a       504     0    21     1     4
 -1.7081975684420934E+00 a       505     0    21     1     5
 -5.7013470571038587E+00 a       506     0    21     1     6
  2.9819073688279535E-01 a       507     0    21     1     7
  8.8975894801001516E+00 a       508     0    21     1     8
  1.5047820508447431E+01 a       509     0    21     1     9
 -1.6819558075166629E+01 a       510     0    21     1    10
  6.8969066027303070E+00 a       511     0    21     1    11
  9.4401213030548256E-02 a       512     0    21     1    12
 -6.1730959179114624E+00 a       513     0    21     1    13
 -2.0323583692872340E+00 a       514     0    21     1    14
 -2.1250230295532635E-01 a       515     0    21     1    15
 -3.1175382165629921E+00 a       516     0    21     1    16
  7.9942062243456329E+00 a       517     0    21     1    17
 -1.9013218575044913E+01 a       518     0    21     1    18
 -2.1412205986080992E+00 a       519     0    21     1    19
 -1.8924016076975925E+00 a       520     0    21     1    20
 -3.1893105350102560E+00 a       521     0    21     1    21
 -3.2643812812738977E+00 a       522     0    21     1    22
 -3.3232252516616874E+00 a       523     0    21     1    23
 -1.7391619392909544E+01 a       524     0    21     1    24
  5.6122707839722299E+00 a       525     0    21     1    25
  1.1061435218216609E+01 a       526     0    22     1     1
 -8.9031396361400350E-01 a       527     0    22     1     2
  2.0498287857094692E+00 a       528     0    22     1     3
 -5.3514002424435905E+00 a       529     0    22     1     4
 -2.5949544802689097E+01 a       530     0    22     1     5
 -1.3395324566681523E+00 a       531     0    22     1     6
 -3.1036413065030807E+01 a       532     0    22     1     7
 -7.3492604316390580E+00 a       533     0    22     1     8
 -1.3105131020445059E+01 a       534     0    22     1     9
  2.6502311502134419E+00 a       535     0    22     1    10
 -4.1650305538623220E+00 a       536     0    22     1    11
  2.4988967351946723E-01 a       537     0    22     1    12
  9.9768518351345818E+00 a       538     0    22     1    13
  2.2265593807262056E+00 a       539     0    22     1    14
  1.8704889181750911E+01 a       540     0    22     1    15
  6.9170252028910078E+00 a       541     0    22     1    16
  3.0906018146205216E+00 a       542     0    22     1    17
 -6.1764837902418268E-01 a       543     0    22     1    18
 -6.7736730885295735E+00 a       544     0    22     1    19
  7.8090336936634106E+00 a       545     0    22     1    20
  9.9076764612202339E+00 a       546     0    22     1    21
 -5.1973745858600473E-01 a       547     0    22     1    22
  1.5824430400682475E+01 a       548     0    22     1    23
  1.8492428646284111E+01 a       549     0    22     1    24
 -1.3041619331055013E+01 a       550     0    22     1    25
  1.8005964161225552E-01 a       551     0    23     1     1
 -1.0398825028224024E+00 a       552     0    23     1     2
 -1.2793603265482725E-01 a       553     0    23     1     3
  5.7649348106774412E-01 a       554     0    23     1     4
  4.1032622455724360E-01 a       555     0    23     1     5
 -2.9619690250191753E-02 a       556     0    23     1     6
  4.8414469704731194E-01 a       557     0    23     1     7
  7.5437624146892368E-01 a       558     0    23     1     8
  9.4846360088961812E-01 a       559     0    23     1     9
  1.0830384523278379E-02 a       560     0    23     1    10
 -3.0264903368082807E-01 a       561     0    23     1    11
 -9.8899719285766532E-02 a       562     0    23     1    12
 -2.2263277088484781E-01 a       563     0    23     1    13
 -3.5317772387416807E-01 a       564     0    23     1    14
  1.0196172758480702E+00 a       565     0    23     1    15
 -6.9048551513102574E-02 a       566     0    23     1    16
 -3.9627493813866826E-01 a       567     0    23     1    17
 -6.1831426215502561E-01 a       568     0    23     1    18
  2.2558465338988434E-01 a       569     0    23     1    19
  1.0015038296257402E-01 a       570     0    23     1    20
  5.0053390524286512E-01 a       571     0    23     1    21
 -1.5131457079162711E+00 a       572     0    23     1    22
  7.5672421127468359E-01 a       573     0    23     1    23
  1.2328642023266974E+00 a       574     0    23     1    24
  2.6666841378075656E-01 a       575     0    23     1    25
  2.5328339393488259E+00 a       576     0    24     1     1
 -2.4772513969985346E-01 a       577     0    24     1     2
  4.4135894010868792E+00 a       578     0    24     1     3
  8.5148940972789341E-02 a       579     0    24     1     4
  4.4088953065080325E+00 a       580     0    24     1     5
  1.4077528257757113E-01 a       581     0    24     1     6
  3.0078571804452494E+00 a       582     0    24     1     7
 -1.4909574665869569E+00 a       583     0    24     1     8
  3.0331876951566022E-01 a       584     0    24     1     9
  1.9167983897791525E+00 a       585     0    24     1    10
 -3.7347256671813051E-01 a       586     0    24     1    11
 -2.5189244283697443E-01 a       587     0    24     1    12
  1.4425360044405473E+00 a       588     0    24     1    13
  1.6238530040613968E+00 a       589     0    24     1    14
 -7.0867465221406434E-01 a       590     0    24     1    15
  6.7836253374133604E-01 a       591     0    24     1    16
 -2.7194355894656148E+00 a       592     0    24     1    17
 -1.2640027596067829E+00 a       593     0    24     1    18
 -3.1700706072112311E-01 a       594     0    24     1    19
  8.6816713243800669E-01 a       595     0    24     1    20
  5.6156998119881707E-01 a       596     0    24     1    21
  7.5444550242101815E+00 a       597     0    24     1    22
  1.5614961358863777E+00 a       598     0    24     1    23
  3.4043465718384147E+00 a       599     0    24     1    24
 -2.8074856316524321E-01 a       600     0    24     1    25
  1.5097127618984279E+01 a       601     0    25     1     1
  1.7987865765603857E-02 a       602     0    25     1     2
  9.5475986593037501E+00 a       603     0    25     1     3
 -1.4362820500519995E+00 a       604     0    25     1     4
  8.5351258000556669E+00 a       605     0    25     1     5
  5.2016155484729971E+00 a       606     0    25     1     6
  1.2304307115418649E+01 a       607     0    25     1     7
 -4.4503546098259799E+00 a       608     0    25     1     8
 -1.0663141304444380E+01 a       609     0    25     1     9
  1.8543009604216955E+01 a       610     0    25     1    10
 -1.6077511702727243E+00 a       611     0    25     1    11
  2.4331385468834846E-01 a       612     0    25     1    12
  4.7408039725160034E+00 a       613     0    25     1    13
  6.0923312224757242E-01 a       614     0    25     1    14
 -5.3635569553147509E+00 a       615     0    25     1    15
  1.4504020273801597E+00 a       616     0    25     1    16
 -7.1258047661753521E+00 a       617     0    25     1    17
  1.4497386233680913E+01 a       618     0    25     1    18
  1.1020578811890482E+00 a       619     0    25     1    19
  1.7418256029802561E+00 a       620     0    25     1    20
  1.4288176707077109E+00 a       621     0    25     1    21
  1.4782723383899249E+01 a       622     0    25     1    22
 -1.1536761718244288E+00 a       623     0    25     1    23
  1.3319961658332190E+01 a       624     0    25     1    24
 -3.2959754961882211E+00 a       625     0    25     1    25
  1.2781161826731784E+00 a       626     0    26     1     1
  1.3650842939609287E+00 a       627     0    26     1     2
  7.5087710419173759E-01 a       628     0    26     1     3
  2.1144451326119446E-01 a       629     0    26     1     4
  7.5895891310617039E-02 a       630     0    26     1     5
 -1.3777268782172514E-01 a       631     0    26     1     6
 -1.9936382929127487E+00 a       632     0    26     1     7
  6.8193272804935989E-01 a       633     0    26     1     8
  2.2621496297944099E+00 a       634     0    26     1     9
 -8.5598458382245290E-01 a       635     0    26     1    10
  1.8507641346083907E+00 a       636     0    26     1    11
  5.2381953244702761E-01 a       637     0    26     1    12
 -1.1183154939127438E+00 a       638     0    26     1    13
  8.8183448045692570E-01 a       639     0    26     1    14
 -1.1875062748783771E+00 a       640     0    26     1    15
  4.9541845276328211E-01 a       641     0    26     1    16
  1.0394682475194232E+00 a       642     0    26     1    17
 -2.5243153700018812E+00 a       643     0    26     1    18
  2.6731458982545497E-01 a       644     0    26     1    19
 -4.3040341651098067E-02 a       645     0    26     1    20
  1.8819103544666183E-01 a       646     0    26     1    21
 -1.8890075668297941E+00 a       647     0    26     1    22
  4.8340720524852804E-01 a       648     0    26     1    23
 -3.5684897326166314E+00 a       649     0    26     1    24
  7.9061859055008543E-01 a       650     0    26     1    25
 -1.4834099451366887E+01 a       651     0    27     1     1
 -3.4451271776799923E+00 a       652     0    27     1     2
 -2.2097266287761079E+00 a       653     0    27     1     3
  3.0986610275637022E-01 a       654     0    27     1     4
  8.9388809207654187E+00 a       655     0    27     1     5
 -6.4804670997311242E-01 a       656     0    27     1     6
  1.0828638087913696E+01 a       657     0    27     1     7
  9.2787393114395726E+00 a       658     0    27     1     8
  5.1480699408252040E+00 a       659     0    27     1     9
 -5.2860042983831903E+00 a       660     0    27     1    10
  2.8479604867759973E+00 a       661     0    27     1    11
 -7.8076455195759975E-01 a       662     0    27     1    12
 -7.2840211987305050E+00 a       663     0    27     1    13
 -2.7864178268512712E+00 a       664     0    27     1    14
 -1.0017324010277576E+01 a       665     0    27     1    15
 -6.0433955374642689E+00 a       666     0    27     1    16
  1.4706775391500682E+00 a       667     0    27     1    17
  4.8866781812247417E+00 a       668     0    27     1    18
  1.9190129785591548E+00 a       669     0    27     1    19
 -4.8671125306023333E+00 a       670     0    27     1    20
 -8.1906947459241781E+00 a       671     0    27     1    21
 -7.3580146727908788E+00 a       672     0    27     1    22
 -1.3654869224599349E+01 a       673     0    27     1    23
 -1.6374779719881236E+01 a       674     0    27     1    24
  1.2833823238026334E+01 a       675     0    27     1    25
  1.3345606446277474E+00 a       676     0    28     1     1
  7.6937304218764124E-01 a       677     0    28     1     2
  1.1902350819851942E-01 a       678     0    28     1     3
  6.2003200407905669E-02 a       679     0    28     1     4
  8.0033675890117817E-01 a       680     0    28     1     5
  3.2733347631597887E-01 a       681     0    28     1     6
  1.8817737082174812E-01 a       682     0    28     1     7
 -5.2003100282767711E-01 a       683     0    28     1     8
  1.5291461170078315E+00 a       684     0    28     1     9
  4.8508567799531743E-01 a       685     0    28     1    10
 -6.2066389389866439E-01 a       686     0    28     1    11
  1.7973273446447421E-01 a       687     0    28     1    12
 -1.2872440058673806E-01 a       688     0    28     1    13
  3.1334365190605762E-01 a       689     0    28     1    14
  4.0253841109471461E-01 a       690     0    28     1    15
  5.5556179499481861E-01 a       691     0    28     1    16
  9.0920119881216910E-01 a       692     0    28     1    17
 -1.0780242724160545E+00 a       693     0    28     1    18
  6.7121178509875901E-01 a       694     0    28     1    19
 -7.1979235557470123E-01 a       695     0    28     1    20
  4.7074312300385918E-02 a       696     0    28     1    21
  1.3958244717114743E+00 a       697     0    28     1    22
 -1.5026797687198343E-01 a       698     0    28     1    23
 -3.9140117645206129E-01 a       699     0    28     1    24
 -5.4170383072095629E-01 a       700     0    28     1    25
 -6.1931318543956833E+00 a       701     0    29     1     1
  6.4115297121039934E+00 a       702     0    29     1     2
 -4.9021232699059665E+00 a       703     0    29     1     3
 -1.9023729597080834E+01 a       704     0    29     1     4
  4.2926113779724222E+00 a       705     0    29     1     5
 -1.4875358954018274E+00 a       706     0    29     1     6
 -4.2278855649094886E+00 a       707     0    29     1     7
 -6.6058164773301009E-01 a       708     0    29     1     8
 -1.4378299861565196E+01 a       709     0    29     1     9
 -2.5806900672832409E+00 a       710     0    29     1    10
 -8.8093716949631382E+00 a       711     0    29     1    11
 -4.7699900905233689E-01 a       712     0    29     1    12
  9.3148994416031505E-01 a       713     0    29     1    13
 -6.9703245840359198E+00 a       714     0    29     1    14
 -1.2565581561450617E+01 a       715     0    29     1    15
  2.9511679484106779E+00 a       716     0    29     1    16
 -6.8796783748315091E+00 a       717     0    29     1    17
  3.3751355844564581E+00 a       718     0    29     1    18
 -3.4192267405710215E+00 a       719     0    29     1    19
 -4.5998310740641539E+00 a       720     0    29     1    20
  1.4252176100867901E+01 a       721     0    29     1    21
  3.2594414783366910E+00 a       722     0    29     1    22
  6.8326309214708987E+00 a       723     0    29     1    23
  1.0558549052599481E+01 a       724     0    29     1    24
 -2.4181641533931271E+00 a       725     0    29     1    25
  2.2599701557090129E-01 a       726     0    30     1     1
 -1.4046932590836161E+00 a       727     0    30     1     2
  1.7524102932528873E+00 a       728     0    30     1     3
  6.5951288082337705E+00 a       729     0    30     1     4
 -3.0347001729149938E+00 a       730     0    30     1     5
  5.2375573936512598E-01 a       731     0    30     1     6
 -1.4642371098270246E+00 a       732     0    30     1     7
 -3.9064925625359104E-01 a       733     0    30     1     8
  2.7554970256593023E+00 a       734     0    30     1     9
  1.2704330560536342E-01 a       735     0    30     1    10
  2.0170623353044435E+00 a       736     0    30     1    11
  8.9089277510205955E-02 a       737     0    30     1    12
  2.9041704918853845E-01 a       738     0    30     1    13
  2.9123576647845000E+00 a       739     0    30     1    14
  4.6584290378508237E+00 a       740     0    30     1    15
  6.1306864747475398E-01 a       741     0    30     1    16
  8.3327662200024716E-02 a       742     0    30     1    17
 -3.9068665512591640E+00 a       743     0    30     1    18
  1.4586759805741212E-01 a       744     0    30     1    19
  1.7387097271992582E+00 a       745     0    30     1    20
 -1.5729745772545187E+00 a       746     0    30     1    21
 -3.8917247618604411E-01 a       747     0    30     1    22
  2.1867499514150075E+00 a       748     0    30     1    23
 -2.0567591817332480E+00 a       749     0    30     1    24
 -1.9802347491987928E+00 a       750     0    30     1    25
 -3.1199309377757229E+00 a       751     0    31     1     1
 -6.7308342425614081E+00 a       752     0    31     1     2
  3.4512817523152861E-01 a       753     0    31     1     3
  1.7613256921681671E+01 a       754     0    31     1     4
 -8.5857782578951678E+00 a       755     0    31     1     5
 -3.8773990386319923E-01 a       756     0    31     1     6
 -2.2088772092305393E+00 a       757     0    31     1     7
  2.0588050469005892E+00 a       758     0    31     1     8
  1.7319979449702153E+01 a       759     0    31     1     9
 -8.3466209405084406E+00 a       760     0    31     1    10
  7.6798461521753092E+00 a       761     0    31     1    11
 -5.2117020817749785E-02 a       762     0    31     1    12
 -1.7064611476127225E+00 a       763     0    31     1    13
  5.2827523707231094E+00 a       764     0    31     1    14
  1.5041738771544109E+01 a       765     0    31     1    15
 -2.9333152273063994E+00 a       766     0    31     1    16
  8.6280961051797043E+00 a       767     0    31     1    17
 -5.4620514847699946E+00 a       768     0    31     1    18
  2.4656695588980213E+00 a       769     0    31     1    19
  4.2117245966995496E+00 a       770     0    31     1    20
 -1.2233861944930178E+01 a       771     0    31     1    21
 -9.4541075644185302E+00 a       772     0    31     1    22
 -3.5756196654402723E+00 a       773     0    31     1    23
 -8.4066663435099045E+00 a       774     0    31     1    24
  4.0723780034353316E+00 a       775     0    31     1    25
  2.5990019793972738E+00 a       776     0    32     1     1
 -6.0687306662699321E+00 a       777     0    32     1     2
  4.6486498655440558E+00 a       778     0    32     1     3
  2.1310649359188659E+01 a       779     0    32     1     4
 -8.3361651995816732E+00 a       780     0    32     1     5
  1.5371288850615603E+00 a       781     0    32     1     6
 -5.0219395681270607E-01 a       782     0    32     1     7
  3.0813455518403442E-02 a       783     0    32     1     8
  1.4374632510120673E+01 a       784     0    32     1     9
 -7.0131915243111886E-01 a       785     0    32     1    10
  8.0962068639503464E+00 a       786     0    32     1    11
  2.5294496637322034E-01 a       787     0    32     1    12
 -5.5086198035197409E-01 a       788     0    32     1    13
  8.4481266024182879E+00 a       789     0    32     1    14
  1.5383118012003825E+01 a       790     0    32     1    15
 -1.4157861813354313E+00 a       791     0    32     1    16
  5.6721899888670810E+00 a       792     0    32     1    17
 -7.5143910484880587E+00 a       793     0    32     1    18
  2.9425633058634508E+00 a       794     0    32     1    19
  4.7947097205463001E+00 a       795     0    32     1    20
 -1.1838492239713748E+01 a       796     0    32     1    21
 -4.5213190663661074E+00 a       797     0    32     1    22
 -1.6091756116246279E+00 a       798     0    32     1    23
 -9.8467789927237437E+00 a       799     0    32     1    24
 -6.1320717154625959E-01 a       800     0    32     1    25
 -3.1515178231471470E+00 a       801     0    33     1     1
  2.3963886316361132E+00 a       802     0    33     1     2
 -5.8680926986619664E-01 a       803     0    33     1     3
 -5.0872723585713935E+00 a       804     0    33     1     4
 -1.8026747136108074E+00 a       805     0    33     1     5
 -3.9173570027080495E-01 a       806     0    33     1     6
 -3.4116323901627470E+00 a       807     0    33     1     7
  7.2249921094949154E-02 a       808     0    33     1     8
 -5.5725834599328206E+00 a       809     0    33     1     9
 -2.7006761180225216E+00 a       810     0    33     1    10
 -1.1901731060797611E+00 a       811     0    33     1    11
 -7.4656326176729945E-02 a       812     0    33     1    12
  8.4450513528992610E-01 a       813     0    33     1    13
 -6.7251285050472798E-01 a       814     0    33     1    14
 -3.9635321256243872E+00 a       815     0    33     1    15
  7.2959639230737994E-01 a       816     0    33     1    16
 -1.4090860594258672E+00 a       817     0    33     1    17
  1.4020992895179225E+00 a       818     0    33     1    18
 -7.1100160278278668E-01 a       819     0    33     1    19
 -1.4628778547285055E+00 a       820     0    33     1    20
  2.0361225949346067E+00 a       821     0    33     1    21
 -2.3618729823396895E-01 a       822     0    33     1    22
 -2.3064384861599083E-01 a       823     0    33     1    23
  3.4151199454720671E+00 a       824     0    33     1    24
  9.7030884765200598E-01 a       825     0    33     1    25
  1.8017788000202293E+00 a       826     0    34     1     1
  7.7344385053271756E+00 a       827     0    34     1     2
 -4.8022287079208175E+00 a       828     0    34     1     3
 -2.1126659493507933E+01 a       829     0    34     1     4
  7.1987911888976930E+00 a       830     0    34     1     5
 -1.0357943001815049E+00 a       831     0    34     1     6
  5.0426524851302834E-01 a       832     0    34     1     7
 -1.4795239227129995E+00 a       833     0    34     1     8
 -1.4264713497878152E+01 a       834     0    34     1     9
  3.2608792632403238E+00 a       835     0    34     1    10
 -8.0364554385391269E+00 a       836     0    34     1    11
  4.0082172621553808E-02 a       837     0    34     1    12
  1.8680881044337936E+00 a       838     0    34     1    13
 -8.6623190154624918E+00 a       839     0    34     1    14
 -1.4443344290695807E+01 a       840     0    34     1    15
  2.3502004274134229E+00 a       841     0    34     1    16
 -5.4486150352488538E+00 a       842     0    34     1    17
  8.8219632476553187E+00 a       843     0    34     1    18
 -3.1105491718567961E+00 a       844     0    34     1    19
 -3.9362400590217494E+00 a       845     0    34     1    20
  1.3076204719212644E+01 a       846     0    34     1    21
  5.9192564943345873E+00 a       847     0    34     1    22
  3.3332394195039847E+00 a       848     0    34     1    23
  1.2848702036857800E+01 a       849     0    34     1    24
 -2.5679732665004869E+00 a       850     0    34     1    25
 -2.3327351699542107E+00 a       851     0    35     1     1
 -8.6155554044280125E-01 a       852     0    35     1     2
  6.3227952088247094E-02 a       853     0    35     1     3
 -8.5773458356380117E-01 a       854     0    35     1     4
  7.4480455418063651E-01 a       855     0    35     1     5
 -5.6572242238314030E-01 a       856     0    35     1     6
 -1.7008789064095979E+00 a       857     0    35     1     7
  7.9155278548589103E-01 a       858     0    35     1     8
  4.5529713750103490E-01 a       859     0    35     1     9
 -3.6178097730392085E+00 a       860     0    35     1    10
 -4.1616548849626056E-01 a       861     0    35     1    11
 -3.3555970309276761E-01 a       862     0    35     1    12
  7.3157027547479853E-02 a       863     0    35     1    13
 -7.6280490513536081E-01 a       864     0    35     1    14
 -1.4703841442901180E-01 a       865     0    35     1    15
 -1.2400497693160364E+00 a       866     0    35     1    16
  2.7412027469850275E-01 a       867     0    35     1    17
  6.2756322203869386E-01 a       868     0    35     1    18
  3.0007687961052071E-01 a       869     0    35     1    19
 -3.7283396439322330E-01 a       870     0    35     1    20
 -1.2537281119358537E+00 a       871     0    35     1    21
 -1.6452294518451329E+00 a       872     0    35     1    22
 -1.7254417863503502E+00 a       873     0    35     1    23
  4.8070991815917158E-01 a       874     0    35     1    24
  2.9565941578413244E+00 a       875     0    35     1    25
 -1.2223507566479996E+00 b       876     1     1
 -2.3326788917364807E-01 b       877     1     2
 -2.7755721468082845E-01 b       878     1     3
  2.3408777104944676E+00 b       879     1     4
  4.7327872302264273E-01 b       880     1     5
  8.6852206572117852E-01 b       881     1     6
 -1.0310041041940821E+00 b       882     1     7
 -8.8789866136026951E-01 b       883     1     8
  5.5627895502214482E-02 b       884     1     9
 -6.2143664743508475E-01 b       885     1    10
 -1.4650529128385144E+00 b       886     1    11
  2.4698514962956768E+00 b       887     1    12
  5.6100516449427185E-01 b       888     1    13
  4.0989277134691410E-01 b       889     1    14
 -8.5805466066976943E-01 b       890     1    15
  3.3062994912266380E-01 b       891     1    16
  1.6365520317846768E-01 b       892     1    17
  2.7101784840217111E+00 b       893     1    18
 -7.8412780784135183E-01 b       894     1    19
 -4.5582854952041213E-01 b       895     1    20
 -7.6840507828011592E-02 b       896     1    21
 -7.0169837746076580E-01 b       897     1    22
 -7.1324301584089678E-01 b       898     1    23
  1.3715254221010387E+00 b       899     1    24
  1.6017949448844775E+00 b       900     1    25
  7.8685281765958603E-01 a       901     1     1     2     1
  8.2826006471543123E-01 a       902     1     1     2     2
 -9.9335754059792192E-01 a       903     1     1     2     3
  5.3492228437354117E-01 a       904     1     1     2     4
  5.5028666321704500E-01 a       905     1     1     2     5
  2.0196732494940317E-01 a       906     1     1     2     6
  1.0827823603122193E+00 a       907     1     1     2     7
  6.6954746969150480E-01 a       908     1     1     2     8
  1.3883737413523258E+00 a       909     1     1     2     9
  1.6057713866518875E-01 a       910     1     1     2    10
 -6.2998375403217677E-01 a       911     1     1     2    11
  7.0474158823168140E-02 a       912     1     1     2    12
  8.9890138008953235E-01 a       913     1     1     2    13
 -2.6485801151911823E+00 a       914     1     1     2    14
  2.1957631344320461E-01 a       915     1     1     2    15
  4.6491075919679447E-03 a       916     1     1     2    16
 -1.0847283080060415E+00 a       917     1     1     2    17
  1.7876345101562476E-02 a       918     1     1     2    18
  4.5711641873900137E-02 a       919     1     1     2    19
  1.9323706792332347E+00 a       920     1     1     2    20
 -9.1657762778660701E-01 a       921     1     1     2    21
 -2.8729575785243128E-01 a       922     1     1     2    22
  1.4238510215723459E+00 a       923     1     1     2    23
  1.8059478382705657E-01 a       924     1     1     2    24
  2.0387757608456861E-01 a       925     1     1     2    25
  5.5142299499980807E-01 a       926     1     2     2     1
  4.2137944735253141E-01 a       927     1     2     2     2
 -2.9052338883104284E-01 a       928     1     2     2     3
  5.1871311721938973E-01 a       929     1     2     2     4
  2.1790439129243919E-01 a       930     1     2     2     5
  8.8038643804833538E-01 a       931     1     2     2     6
 -3.0177014659304464E+00 a       932     1     2     2     7
  1.0868751027413617E+00 a       933     1     2     2     8
 -1.7681900685311414E+00 a       934     1     2     2     9
  1.3768310193951885E+00 a       935     1     2     2    10
  1.6794429909406847E+00 a       936     1     2     2    11
  5.2379812668839965E-01 a       937     1     2     2    12
 -5.1480438867211853E-01 a       938     1     2     2    13
 -6.9270924657340993E-01 a       939     1     2     2    14
 -9.1178229668769803E-02 a       940     1     2     2    15
  6.7313269845603119E-01 a       941     1     2     2    16
 -4.6793485658630711E+00 a       942     1     2     2    17
  7.9484506598147397E-01 a       943     1     2     2    18
  1.5003313187979208E+00 a       944     1     2     2    19
 -1.0605747906797229E+00 a       945     1     2     2    20
 -1.0457283373789883E+00 a       946     1     2     2    21
  4.8254278262645312E-01 a       947     1     2     2    22
  8.3974277225635929E-01 a       948     1     2     2    23
 -9.6839918632714783E-01 a       949     1     2     2    24
  3.8083062778572513E-01 a       950     1     2     2    25
  6.9534620106796574E-01 a       951     1     3     2     1
  9.2292824139429663E-01 a       952     1     3     2     2
  5.2080998175926971E-02 a       953     1     3     2     3
 -4.8183415634475917E-02 a       954     1     3     2     4
 -1.2611235040234650E-01 a       955     1     3     2     5
  4.2279139253069992E-01 a       956     1     3     2     6
 -1.2601319289692148E+00 a       957     1     3     2     7
  4.4091479825128993E-01 a       958     1     3     2     8
  2.0083329393253657E+00 a       959     1     3     2     9
  6.4745821400521630E-01 a       960     1     3     2    10
 -5.7211808883406778E-01 a       961     1     3     2    11
  7.4114962146358021E-01 a       962     1     3     2    12
  1.7242100022377029E+00 a       963     1     3     2    13
 -7.0189812730431145E-01 a       964     1     3     2    14
  6.6128407396386268E-01 a       965     1     3     2    15
  1.5530140059035913E+00 a       966     1     3     2    16
  8.9180089410815538E-02 a       967     1     3     2    17
  3.3648405283041705E-01 a       968     1     3     2    18
 -1.0495515603193857E+00 a       969     1     3     2    19
 -2.4016955809680320E+00 a       970     1     3     2    20
 -1.7960000297772731E+00 a       971     1     3     2    21
  1.3335609950727503E-01 a       972     1     3     2    22
  4.3601571879060605E+00 a       973     1     3     2    23
 -6.0651462497962927E-01 a       974     1     3     2    24
  5.5602179572430543E-01 a       975     1     3     2    25
 -1.0511643782907150E+00 a       976     1     4     2     1
 -1.1788959953597719E-01 a       977     1     4     2     2
 -8.6146615551965011E-01 a       978     1     4     2     3
 -5.8342916601576098E+00 a       979     1     4     2     4
 -9.9866893809938947E-02 a       980     1     4     2     5
  8.2903257300015487E-01 a       981     1     4     2     6
  5.7097473252955382E+00 a       982     1     4     2     7
 -1.2906442006753094E+00 a       983     1     4     2     8
 -2.1157768378783963E+00 a       984     1     4     2     9
  3.9178539823187647E-01 a       985     1     4     2    10
  2.6329792275430208E-01 a       986     1     4     2    11
 -1.7692930443057677E+00 a       987     1     4     2    12
  3.8168489934740180E-01 a       988     1     4     2    13
  6.0527961825964125E+00 a       989     1     4     2    14
  3.3898489890620365E-01 a       990     1     4     2    15
 -1.6006167358552731E-01 a       991     1     4     2    16
 -1.0985249805486608E+00 a       992     1     4     2    17
 -2.2240865712184413E-01 a       993     1     4     2    18
 -5.0680262311574511E+00 a       994     1     4     2    19
  2.3109335359493359E+00 a       995     1     4     2    20
  6.6576884391682178E-01 a       996     1     4     2    21
  3.9417098902045672E-01 a       997     1     4     2    22
  1.2205262832836936E+00 a       998     1     4     2    23
 -5.5597207969701556E-01 a       999     1     4     2    24
 -6.0954714027718460E-01 a      1000     1     4     2    25
  5.8689945321097470E-01 a      1001     1     5     2     1
 -7.2397521212227145E-01 a      1002     1     5     2     2
 -1.2470237389256206E-01 a      1003     1     5     2     3
 -2.0823204839279663E+00 a      1004     1     5     2     4
 -1.0428840974851712E+00 a      1005     1     5     2     5
  7.8931741785421250E-01 a      1006     1     5     2     6
 -1.8418189260224467E+00 a      1007     1     5     2     7
  1.6324996967582375E+00 a      1008     1     5     2     8
 -2.5048755653461030E-01 a      1009     1     5     2     9
 -2.4861756465810795E-02 a      1010     1     5     2    10
  2.8484859030183890E-01 a      1011     1     5     2    11
  5.5421967764869018E-01 a      1012     1     5     2    12
 -9.1337776366572598E-01 a      1013     1     5     2    13
  4.3187354835643005E-01 a      1014     1     5     2    14
  6.6490019785883092E-01 a      1015     1     5     2    15
  1.3306969845202082E-01 a      1016     1     5     2    16
  4.5921814285944631E+00 a      1017     1     5     2    17
  3.1450638857080748E-01 a      1018     1     5     2    18
  1.1460282440027929E+00 a      1019     1     5     2    19
 -1.0633693283354022E+00 a      1020     1     5     2    20
  1.0090967630529865E-01 a      1021     1     5     2    21
 -8.6493038449783108E-02 a      1022     1     5     2    22
 -3.7505728216936620E+00 a      1023     1     5     2    23
 -9.6760699312801235E-02 a      1024     1     5     2    24
 -6.8797703111726394E-01 a      1025     1     5     2    25
 -6.6783101142921186E-01 a      1026     1     6     2     1
 -1.4949320450124999E+00 a      1027     1     6     2     2
 -1.0847082582499765E+00 a      1028     1     6     2     3
  7.7539415015425905E-01 a      1029     1     6     2     4
  1.9693234680014465E-01 a      1030     1     6     2     5
  2.8898019543198644E-01 a      1031     1     6     2     6
 -2.3346766604465139E+00 a      1032     1     6     2     7
  3.8274134662843062E-01 a      1033     1     6     2     8
  7.5512469115554237E-01 a      1034     1     6     2     9
 -1.8060463600137115E+00 a      1035     1     6     2    10
 -1.3906981996145935E+00 a      1036     1     6     2    11
 -1.4302349799701062E+00 a      1037     1     6     2    12
  3.0128375405403257E-01 a      1038     1     6     2    13
 -9.3962349353511354E-01 a      1039     1     6     2    14
 -5.6025813590258121E-02 a      1040     1     6     2    15
  4.0167632958700267E-01 a      1041     1     6     2    16
  1.3018669657981192E+01 a      1042     1     6     2    17
 -7.8944008478960270E-01 a      1043     1     6     2    18
 -2.9121753285338625E-01 a      1044     1     6     2    19
  2.4098999364988400E+00 a      1045     1     6     2    20
  3.0794915320714239E-01 a      1046     1     6     2    21
 -6.9520384012351455E-01 a      1047     1     6     2    22
 -1.3738054176014416E+00 a      1048     1     6     2    23
  1.1793470549468186E+00 a      1049     1     6     2    24
  4.4148148495659562E-01 a      1050     1     6     2    25
 -4.7883969667105025E-01 a      1051     1     7     2     1
  1.8674967740294806E+00 a      1052     1     7     2     2
 -1.4989382825437130E+00 a      1053     1     7     2     3
  1.1304383043941635E+00 a      1054     1     7     2     4
  1.4112538648453798E+00 a      1055     1     7     2     5
 -4.2244162476041752E-01 a      1056     1     7     2     6
  3.9155399761338017E+00 a      1057     1     7     2     7
 -5.0895590235658532E-02 a      1058     1     7     2     8
  4.9277691622304731E-01 a      1059     1     7     2     9
 -7.3784530991493832E-02 a      1060     1     7     2    10
  9.6293991295948811E-01 a      1061     1     7     2    11
 -7.5674133416406975E-01 a      1062     1     7     2    12
  8.8958364234695153E-01 a      1063     1     7     2    13
 -5.2188015375407792E-01 a      1064     1     7     2    14
 -2.7888834675268309E-01 a      1065     1     7     2    15
  5.9769011610055112E-01 a      1066     1     7     2    16
  2.4616917507714065E+00 a      1067     1     7     2    17
 -2.4647654697005766E-01 a      1068     1     7     2    18
 -3.7758520221588787E+00 a      1069     1     7     2    19
  8.9927997315026520E+00 a      1070     1     7     2    20
  7.1000529026909664E-01 a      1071     1     7     2    21
  4.4524338473363434E-01 a      1072     1     7     2    22
  2.6133252602510106E+00 a      1073     1     7     2    23
 -7.7394577690656816E-02 a      1074     1     7     2    24
  2.2456710409584507E-01 a      1075     1     7     2    25
  5.4947853549214820E-01 a      1076     1     8     2     1
 -2.8592674123937084E-01 a      1077     1     8     2     2
 -4.1179468645822515E-01 a      1078     1     8     2     3
 -6.8589466135105182E-01 a      1079     1     8     2     4
 -7.5263525603751519E-02 a      1080     1     8     2     5
  1.8872195419487332E+00 a      1081     1     8     2     6
 -1.3825159304375341E+00 a      1082     1     8     2     7
  2.0401836021832098E+00 a      1083     1     8     2     8
 -1.9991999635773487E+00 a      1084     1     8     2     9
  1.1377505915354709E+00 a      1085     1     8     2    10
 -7.0948547491483804E-01 a      1086     1     8     2    11
 -5.2596744379838245E-01 a      1087     1     8     2    12
  3.9359370608878208E-01 a      1088     1     8     2    13
 -6.4471552099031237E-01 a      1089     1     8     2    14
 -1.2586102509154586E+00 a      1090     1     8     2    15
 -7.1048739060569588E-01 a      1091     1     8     2    16
  5.3464091022326632E-01 a      1092     1     8     2    17
  9.2538044298922018E-01 a      1093     1     8     2    18
  3.0695081299468381E+00 a      1094     1     8     2    19
  1.4205758009430196E+00 a      1095     1     8     2    20
  3.0340645901936220E-01 a      1096     1     8     2    21
 -2.3068082876814550E-01 a      1097     1     8     2    22
 -1.1494765458314453E+00 a      1098     1     8     2    23
 -1.5781023516722350E+00 a      1099     1     8     2    24
 -9.3230466808438017E-01 a      1100     1     8     2    25
 -2.5556691125106279E-01 a      1101     1     9     2     1
  1.2966204988023418E+00 a      1102     1     9     2     2
  5.5651598919123124E-01 a      1103     1     9     2     3
  5.4747210915990552E-01 a      1104     1     9     2     4
  3.7759226584577527E-01 a      1105     1     9     2     5
 -5.5472859313079148E-01 a      1106     1     9     2     6
  3.2346641705233501E+00 a      1107     1     9     2     7
 -4.1814162124764964E-01 a      1108     1     9     2     8
  1.2191839926559471E+00 a      1109     1     9     2     9
  6.6009546282063702E-01 a      1110     1     9     2    10
 -7.1474255672515963E-01 a      1111     1     9     2    11
 -1.6573349163544285E-01 a      1112     1     9     2    12
 -1.0007033970150728E-01 a      1113     1     9     2    13
 -1.2948147462667268E+00 a      1114     1     9     2    14
 -2.2258587340820327E-01 a      1115     1     9     2    15
  1.7714464438517005E-01 a      1116     1     9     2    16
  1.3689975328246731E+00 a      1117     1     9     2    17
 -3.7422722152068844E-01 a      1118     1     9     2    18
 -7.1812740712354983E-01 a      1119     1     9     2    19
  3.7905444382660436E+00 a      1120     1     9     2    20
 -5.4786163414697142E-01 a      1121     1     9     2    21
  2.3520631735282591E-01 a      1122     1     9     2    22
 -4.5448199653543329E+00 a      1123     1     9     2    23
 -2.2642433076960738E-01 a      1124     1     9     2    24
  6.5065365643978645E-01 a      1125     1     9     2    25
  6.4156616001232469E-01 a      1126     1    10     2     1
 -6.3805862951392844E-02 a      1127     1    10     2     2
 -3.3232911738733067E-01 a      1128     1    10     2     3
  1.1710794165339409E+00 a      1129     1    10     2     4
 -2.2911075058258182E-01 a      1130     1    10     2     5
 -2.0863701397662593E-01 a      1131     1    10     2     6
 -1.6248192728448027E-01 a      1132     1    10     2     7
  6.3021910353518540E-01 a      1133     1    10     2     8
  1.5266142212145187E-01 a      1134     1    10     2     9
  1.6113337116661375E-01 a      1135     1    10     2    10
 -1.0892163012495790E+00 a      1136     1    10     2    11
 -4.6398754144768756E-01 a      1137     1    10     2    12
  1.9464693099033985E+00 a      1138     1    10     2    13
 -7.5559623696022660E-01 a      1139     1    10     2    14
 -3.1780079665632577E-01 a      1140     1    10     2    15
  8.3142321244877415E-02 a      1141     1    10     2    16
  1.3442020064915794E+00 a      1142     1    10     2    17
  5.2003082328910794E-02 a      1143     1    10     2    18
  2.7632434034377735E+00 a      1144     1    10     2    19
 -1.1995321599959942E-01 a      1145     1    10     2    20
 -1.1278235661911074E+00 a      1146     1    10     2    21
 -4.5180672383769410E-01 a      1147     1    10     2    22
  2.8353599320917522E-01 a      1148     1    10     2    23
 -4.5901460274491768E-02 a      1149     1    10     2    24
  4.1270025347327494E-01 a      1150     1    10     2    25
 -6.5706568378076236E-01 a      1151     1    11     2     1
 -5.2976992073175089E-01 a      1152     1    11     2     2
  7.6276617677047676E-01 a      1153     1    11     2     3
  1.7780684694893445E+00 a      1154     1    11     2     4
 -7.8421212920251437E-01 a      1155     1    11     2     5
  1.2752621062344931E+00 a      1156     1    11     2     6
  3.0208004968915297E-01 a      1157     1    11     2     7
 -1.0858848749087620E+00 a      1158     1    11     2     8
  4.2031138363873422E-01 a      1159     1    11     2     9
  9.6076494460808803E-01 a      1160     1    11     2    10
 -2.0919113608295672E+00 a      1161     1    11     2    11
  1.2699623647799116E-01 a      1162     1    11     2    12
 -1.9863587038379107E+00 a      1163     1    11     2    13
  3.6889134195564068E+00 a      1164     1    11     2    14
  2.2449937528921962E+00 a      1165     1    11     2    15
 -2.8390030461137243E+00 a      1166     1    11     2    16
 -3.2969310400327907E+00 a      1167     1    11     2    17
  3.3429560236374961E-01 a      1168     1    11     2    18
 -2.8309661797975512E+00 a      1169     1    11     2    19
  8.4217440021107581E+00 a      1170     1    11     2    20
  1.2204630061809172E+00 a      1171     1    11     2    21
  2.1465343769938244E-01 a      1172     1    11     2    22
 -8.2912072882517718E-01 a      1173     1    11     2    23
 -2.5416946799523097E+00 a      1174     1    11     2    24
 -1.7750958466691666E+00 a      1175     1    11     2    25
 -3.1902633463324932E+00 a      1176     1    12     2     1
 -2.8898223757034547E+00 a      1177     1    12     2     2
  1.5841080600298256E+00 a      1178     1    12     2     3
  3.6070947571207068E-01 a      1179     1    12     2     4
  3.5891531064257837E-01 a      1180     1    12     2     5
  7.5433334017955866E+00 a      1181     1    12     2     6
 -7.4550394555985378E-01 a      1182     1    12     2     7
  1.7554482249757735E-02 a      1183     1    12     2     8
 -9.2860840574402950E+00 a      1184     1    12     2     9
 -1.2226875439737437E+00 a      1185     1    12     2    10
 -5.4329467605916202E+00 a      1186     1    12     2    11
  3.4943539109209953E-01 a      1187     1    12     2    12
  2.6878248404164582E+00 a      1188     1    12     2    13
 -5.1046866342110986E-01 a      1189     1    12     2    14
 -4.2025666984959766E+00 a      1190     1    12     2    15
 -1.2512387216202583E+00 a      1191     1    12     2    16
 -5.3891839131039285E+00 a      1192     1    12     2    17
 -4.4300237897270494E+00 a      1193     1    12     2    18
  4.3468998570565009E+00 a      1194     1    12     2    19
  8.8846225879411378E+00 a      1195     1    12     2    20
  5.7280685269779559E+00 a      1196     1    12     2    21
 -2.5040869375405816E+00 a      1197     1    12     2    22
 -9.6288762572051212E+00 a      1198     1    12     2    23
 -7.8453764386624408E-02 a      1199     1    12     2    24
 -3.6366551794697659E+00 a      1200     1    12     2    25
 -1.0441846739935172E+00 a      1201     1    13     2     1
  1.2589938290727851E+00 a      1202     1    13     2     2
 -4.5591904206313505E-01 a      1203     1    13     2     3
 -1.1464630989149989E-01 a      1204     1    13     2     4
 -9.9357545084427834E-01 a      1205     1    13     2     5
 -1.9864222070538886E+00 a      1206     1    13     2     6
  2.4750954782463422E-01 a      1207     1    13     2     7
 -1.6698981793965198E-01 a      1208     1    13     2     8
  2.9901314425471792E+00 a      1209     1    13     2     9
 -2.2443705841013641E+00 a      1210     1    13     2    10
 -7.6535673582545904E-01 a      1211     1    13     2    11
 -4.3236125962698518E-01 a      1212     1    13     2    12
 -2.3611479017547659E+00 a      1213     1    13     2    13
  6.7590075080974599E-01 a      1214     1    13     2    14
 -2.9336450914186374E-01 a      1215     1    13     2    15
  3.3493926702975063E-01 a      1216     1    13     2    16
  4.8533885295479724E+00 a      1217     1    13     2    17
 -1.1021686263739499E+00 a      1218     1    13     2    18
 -1.3138896105699625E+00 a      1219     1    13     2    19
  1.7749010167886372E+00 a      1220     1    13     2    20
  1.3523790026675868E+00 a      1221     1    13     2    21
 -6.5656734863899979E-01 a      1222     1    13     2    22
 -3.4683868015941903E+00 a      1223     1    13     2    23
  9.5639977510190477E-01 a      1224     1    13     2    24
 -5.4729411312500431E-01 a      1225     1    13     2    25
 -5.6800389667899087E-01 a      1226     1    14     2     1
 -1.0168423976844105E+00 a      1227     1    14     2     2
 -9.2946227161342029E-03 a      1228     1    14     2     3
  2.4230308727684413E+00 a      1229     1    14     2     4
  5.6017747933994644E-01 a      1230     1    14     2     5
 -1.3709294228341693E+00 a      1231     1    14     2     6
 -1.4449463866630350E+00 a      1232     1    14     2     7
  2.5681954229318561E-02 a      1233     1    14     2     8
  1.1464194912074219E-01 a      1234     1    14     2     9
 -9.3753290439343784E-01 a      1235     1    14     2    10
 -8.3239662508056900E-01 a      1236     1    14     2    11
  1.1753482053862982E-01 a      1237     1    14     2    12
 -1.1599673175327559E-01 a      1238     1    14     2    13
  6.8288838321011347E-02 a      1239     1    14     2    14
 -1.0940563563824275E+00 a      1240     1    14     2    15
 -6.0832004376485442E-02 a      1241     1    14     2    16
 -3.4025725303379016E-02 a      1242     1    14     2    17
 -3.5584054463302428E-01 a      1243     1    14     2    18
 -7.0856184586221582E-01 a      1244     1    14     2    19
 -1.7552349184760481E+00 a      1245     1    14     2    20
  1.1876101334972249E+00 a      1246     1    14     2    21
 -1.1983436333668940E+00 a      1247     1    14     2    22
  8.1138856401735326E-01 a      1248     1    14     2    23
  2.7349826512647035E-01 a      1249     1    14     2    24
 -6.4721436152645140E-01 a      1250     1    14     2    25
  3.1910862171688104E-01 a      1251     1    15     2     1
 -7.9981963383525201E-01 a      1252     1    15     2     2
 -1.3982126086601878E+00 a      1253     1    15     2     3
 -4.6443803624759594E-01 a      1254     1    15     2     4
 -1.5888477519233288E+00 a      1255     1    15     2     5
  1.1893490598510847E+00 a      1256     1    15     2     6
 -7.2121926923313118E-01 a      1257     1    15     2     7
  1.9178810657546352E+00 a      1258     1    15     2     8
 -1.2902322214836408E+00 a      1259     1    15     2     9
  1.5279919355939748E+00 a      1260     1    15     2    10
  8.9087454678381839E-01 a      1261     1    15     2    11
  1.4412982780167777E-01 a      1262     1    15     2    12
 -2.5418663868632976E-02 a      1263     1    15     2    13
 -2.3175378379059479E+00 a      1264     1    15     2    14
  8.2166407865474900E-01 a      1265     1    15     2    15
  6.2698481390038063E-01 a      1266     1    15     2    16
 -5.8825591520402414E+00 a      1267     1    15     2    17
 -1.2390532559257701E-01 a      1268     1    15     2    18
  4.5361289691328777E-01 a      1269     1    15     2    19
 -3.6962339632637029E+00 a      1270     1    15     2    20
 -6.7734173823271171E-01 a      1271     1    15     2    21
  6.4156518469774160E-01 a      1272     1    15     2    22
 -3.4992509773264437E+00 a      1273     1    15     2    23
  2.9492701543032773E-01 a      1274     1    15     2    24
  1.3411671443388856E-01 a      1275     1    15     2    25
  1.8797053106227575E+00 a      1276     1    16     2     1
 -1.0468953017433640E-01 a      1277     1    16     2     2
  1.4220492211793576E-01 a      1278     1    16     2     3
  7.2110882390472297E-01 a      1279     1    16     2     4
  1.6598347467259085E+00 a      1280     1    16     2     5
 -6.9189366277312725E-01 a      1281     1    16     2     6
 -3.3569478457951640E+00 a      1282     1    16     2     7
  2.8941784474356597E-01 a      1283     1    16     2     8
  1.1441812854138969E+00 a      1284     1    16     2     9
  3.5546289438640732E+00 a      1285     1    16     2    10
  3.5961168298106383E+00 a      1286     1    16     2    11
  7.7731664874524564E-01 a      1287     1    16     2    12
 -1.5026068293530923E+00 a      1288     1    16     2    13
  3.4349552973990312E+00 a      1289     1    16     2    14
  1.1580080195953546E+00 a      1290     1    16     2    15
 -9.0567311558149802E-02 a      1291     1    16     2    16
 -5.5851380683367333E+00 a      1292     1    16     2    17
  1.5435995655455303E+00 a      1293     1    16     2    18
 -1.4908752815846897E+00 a      1294     1    16     2    19
 -1.5832002798128408E+00 a      1295     1    16     2    20
 -7.3225774931034082E-01 a      1296     1    16     2    21
  1.0945534317765846E+00 a      1297     1    16     2    22
 -3.3366454214394596E+00 a      1298     1    16     2    23
 -7.6568558503824036E-01 a      1299     1    16     2    24
 -5.2144493262357561E-01 a      1300     1    16     2    25
 -1.3253295891851977E-01 a      1301     1    17     2     1
  1.9021453917861822E-01 a      1302     1    17     2     2
 -4.1347170584446491E-01 a      1303     1    17     2     3
 -3.4296538191536224E-01 a      1304     1    17     2     4
 -3.8154329474841625E-01 a      1305     1    17     2     5
 -3.6253348158632581E-01 a      1306     1    17     2     6
  2.4622539336567084E+00 a      1307     1    17     2     7
  1.8261075011422320E-01 a      1308     1    17     2     8
 -3.2134541563188708E+00 a      1309     1    17     2     9
 -6.4243679072273796E-02 a      1310     1    17     2    10
 -2.6578356878901543E-01 a      1311     1    17     2    11
 -1.6380594089608420E+00 a      1312     1    17     2    12
  1.3990069430980212E+00 a      1313     1    17     2    13
  2.3537125499325939E+00 a      1314     1    17     2    14
  9.9822565804526548E-03 a      1315     1    17     2    15
  3.9933383782686993E-01 a      1316     1    17     2    16
 -9.0912271433730672E-03 a      1317     1    17     2    17
 -2.1667102411324321E-01 a      1318     1    17     2    18
 -7.5360936139707435E-01 a      1319     1    17     2    19
 -5.4741080717873696E-02 a      1320     1    17     2    20
 -4.3665515852609227E-01 a      1321     1    17     2    21
  4.2962570247970211E-01 a      1322     1    17     2    22
  1.1398107064955449E+00 a      1323     1    17     2    23
 -3.7343647410368574E-01 a      1324     1    17     2    24
  1.3378927162990659E-01 a      1325     1    17     2    25
 -2.4649490449356941E+00 a      1326     1    18     2     1
 -5.8595320583814852E+00 a      1327     1    18     2     2
  2.4238506377910429E+00 a      1328     1    18     2     3
  5.0555237398315951E+00 a      1329     1    18     2     4
  2.7250262681710500E+00 a      1330     1    18     2     5
  1.8852300717064971E+01 a      1331     1    18     2     6
 -3.0818146321550483E-01 a      1332     1    18     2     7
 -3.8200144488926204E+00 a      1333     1    18     2     8
 -3.5367333633662570E+00 a      1334     1    18     2     9
  4.8819364585137075E+00 a      1335     1    18     2    10
  1.1892056140922126E+01 a      1336     1    18     2    11
  1.7661755219967691E+01 a      1337     1    18     2    12
 -3.6148619188648108E+00 a      1338     1    18     2    13
 -2.7863712494984244E-01 a      1339     1    18     2    14
 -1.1641152457906134E+00 a      1340     1    18     2    15
  4.4990686897878094E+00 a      1341     1    18     2    16
  1.1387409993319104E+00 a      1342     1    18     2    17
  5.0990402678503575E+00 a      1343     1    18     2    18
 -2.3189773653865704E+01 a      1344     1    18     2    19
  1.3078972807818472E+01 a      1345     1    18     2    20
 -1.4746309650293938E+00 a      1346     1    18     2    21
 -1.9919323123473416E+00 a      1347     1    18     2    22
 -2.5598272069672561E+00 a      1348     1    18     2    23
 -2.9065015955285727E+00 a      1349     1    18     2    24
  3.3265301363785431E+00 a      1350     1    18     2    25
  7.0285774792884670E-01 a      1351     1    19     2     1
  5.9337025804502319E-01 a      1352     1    19     2     2
 -2.3652075522688584E-01 a      1353     1    19     2     3
  4.7340063298144547E-01 a      1354     1    19     2     4
  3.4946446588061508E-01 a      1355     1    19     2     5
 -5.6079891179585950E-01 a      1356     1    19     2     6
 -4.5429753554970471E+00 a      1357     1    19     2     7
 -1.1050685061466003E+00 a      1358     1    19     2     8
  4.2477952040720703E+00 a      1359     1    19     2     9
  3.1605930602928094E+00 a      1360     1    19     2    10
  1.5309925605191717E+00 a      1361     1    19     2    11
  1.3413497061401061E+00 a      1362     1    19     2    12
 -2.5658896982905506E+00 a      1363     1    19     2    13
 -3.3706899256048212E-01 a      1364     1    19     2    14
  8.5932988918354172E-02 a      1365     1    19     2    15
  2.6194928876741991E-02 a      1366     1    19     2    16
  1.9286401160338129E+00 a      1367     1    19     2    17
  9.3103653114241347E-01 a      1368     1    19     2    18
  1.0673068419058911E+00 a      1369     1    19     2    19
 -7.7289622020852333E-01 a      1370     1    19     2    20
 -1.0982615852476774E+00 a      1371     1    19     2    21
  9.2328463997953109E-02 a      1372     1    19     2    22
 -2.8006682140362567E+00 a      1373     1    19     2    23
 -1.4811145087556790E+00 a      1374     1    19     2    24
  7.1042088543231530E-01 a      1375     1    19     2    25
  5.5695609681784630E-01 a      1376     1    20     2     1
 -9.4256779334426766E-01 a      1377     1    20     2     2
  5.0970544484757863E-01 a      1378     1    20     2     3
 -1.4401746756194433E+00 a      1379     1    20     2     4
  1.1372567298094556E+00 a      1380     1    20     2     5
  2.9443495047282688E+00 a      1381     1    20     2     6
  9.8476239487501838E-01 a      1382     1    20     2     7
  4.0664976069642583E-01 a      1383     1    20     2     8
 -9.7514724681946685E-01 a      1384     1    20     2     9
  5.0241433194439522E-01 a      1385     1    20     2    10
 -1.0382799727819381E+00 a      1386     1    20     2    11
 -4.5204574785074153E-01 a      1387     1    20     2    12
  2.1707229693803258E+00 a      1388     1    20     2    13
 -4.5330976122217215E-01 a      1389     1    20     2    14
 -1.3228125536847777E+00 a      1390     1    20     2    15
  1.4397448136347668E+00 a      1391     1    20     2    16
 -4.9616274500707442E+00 a      1392     1    20     2    17
 -1.1724901401854133E+00 a      1393     1    20     2    18
  2.0440173742770495E+00 a      1394     1    20     2    19
 -1.3775294074297024E+00 a      1395     1    20     2    20
 -8.8463574506162268E-01 a      1396     1    20     2    21
 -1.0363198147724901E-02 a      1397     1    20     2    22
 -2.3598135409359502E+00 a      1398     1    20     2    23
 -3.8790392059508527E-01 a      1399     1    20     2    24
 -8.7112328203098888E-01 a      1400     1    20     2    25
 -1.5124257281521425E+00 a      1401     1    21     2     1
  7.6146423025782617E-02 a      1402     1    21     2     2
  1.2262511617838960E-01 a      1403     1    21     2     3
  1.7238371169351161E+00 a      1404     1    21     2     4
  9.6675499371535870E-02 a      1405     1    21     2     5
 -2.1373093414901772E+00 a      1406     1    21     2     6
 -6.1832736609863181E-01 a      1407     1    21     2     7
 -3.4131845007888284E-01 a      1408     1    21     2     8
 -8.0533884632505537E-01 a      1409     1    21     2     9
 -1.1404201176101507E+00 a      1410     1    21     2    10
 -1.0316558682604928E+00 a      1411     1    21     2    11
 -1.1215162768648781E+00 a      1412     1    21     2    12
 -2.2451818870456370E+00 a      1413     1    21     2    13
  2.0322021396118854E+00 a      1414     1    21     2    14
 -2.2476704203016218E-01 a      1415     1    21     2    15
 -7.2726065169688248E-01 a      1416     1    21     2    16
 -1.3107906115033048E+00 a      1417     1    21     2    17
 -3.9482838130592018E-01 a      1418     1    21     2    18
  3.6265388060013332E-01 a      1419     1    21     2    19
  3.7952400039390016E-01 a      1420     1    21     2    20
  1.9169517941100560E+00 a      1421     1    21     2    21
 -9.5557698155015169E-01 a      1422     1    21     2    22
  4.8566485586370672E-01 a      1423     1    21     2    23
  4.9759887107308269E-02 a      1424     1    21     2    24
 -1.5916268740245487E-01 a      1425     1    21     2    25
 -3.0025591781634958E-01 a      1426     1    22     2     1
 -5.6352570769581689E-01 a      1427     1    22     2     2
  1.4339059903693505E+00 a      1428     1    22     2     3
  5.8504278366067275E-01 a      1429     1    22     2     4
 -6.3553735556048749E-02 a      1430     1    22     2     5
 -3.2418241606373482E-01 a      1431     1    22     2     6
 -1.0153629588773021E+00 a      1432     1    22     2     7
 -1.9935034012695780E+00 a      1433     1    22     2     8
 -1.3046059035535764E+00 a      1434     1    22     2     9
 -5.4615478892560299E-01 a      1435     1    22     2    10
 -1.3697004625040934E+00 a      1436     1    22     2    11
 -1.8960349801411083E-01 a      1437     1    22     2    12
 -1.6802837554812682E+00 a      1438     1    22     2    13
  1.0887413627426057E+00 a      1439     1    22     2    14
 -5.0280573916905291E-01 a      1440     1    22     2    15
 -1.3723098056137431E+00 a      1441     1    22     2    16
 -8.4111692562025393E+00 a      1442     1    22     2    17
 -4.5559876297210411E-01 a      1443     1    22     2    18
  1.5336508804697893E+00 a      1444     1    22     2    19
 -1.6008877840269795E+00 a      1445     1    22     2    20
  1.6114251526879159E-01 a      1446     1    22     2    21
 -1.6606201870629969E-01 a      1447     1    22     2    22
 -3.4642244456058813E+00 a      1448     1    22     2    23
  3.9993545421070670E-01 a      1449     1    22     2    24
  3.1920305369339007E-02 a      1450     1    22     2    25
  9.0955061986950825E-01 a      1451     1    23     2     1
 -2.1049655129162026E-01 a      1452     1    23     2     2
  1.1409528360226660E+00 a      1453     1    23     2     3
  1.1188791390433168E+00 a      1454     1    23     2     4
 -2.0730083632175064E-01 a      1455     1    23     2     5
  1.8864032563271902E+00 a      1456     1    23     2     6
  2.2404475783694604E+00 a      1457     1    23     2     7
  7.1527663092547655E-01 a      1458     1    23     2     8
 -5.7436078894846387E-01 a      1459     1    23     2     9
  5.0396434513578059E-01 a      1460     1    23     2    10
  5.6501866845685045E-01 a      1461     1    23     2    11
  1.0680289773261618E-01 a      1462     1    23     2    12
  3.1590630310054335E+00 a      1463     1    23     2    13
  1.0352194157462853E+00 a      1464     1    23     2    14
 -4.2823972956698653E-02 a      1465     1    23     2    15
  1.3518182105448107E+00 a      1466     1    23     2    16
  3.4226524986199108E-01 a      1467     1    23     2    17
  9.0234041819791688E-01 a      1468     1    23     2    18
 -6.7216368419990546E-01 a      1469     1    23     2    19
  3.3611066267469063E+00 a      1470     1    23     2    20
 -1.0034555256173843E+00 a      1471     1    23     2    21
  8.7135826530866589E-01 a      1472     1    23     2    22
 -3.4922983018459630E-01 a      1473     1    23     2    23
 -1.8938271262114009E-01 a      1474     1    23     2    24
  6.1079151420404298E-01 a      1475     1    23     2    25
  6.2863336771459077E-01 a      1476     1    24     2     1
  5.7432320344935694E-01 a      1477     1    24     2     2
 -1.0444805565943005E+00 a      1478     1    24     2     3
  1.0380789637201053E+00 a      1479     1    24     2     4
  5.1350150342434064E-01 a      1480     1    24     2     5
 -2.1600102497541690E-01 a      1481     1    24     2     6
 -1.2401280194303653E-01 a      1482     1    24     2     7
  9.9583462143007007E-01 a      1483     1    24     2     8
 -6.1603045295491443E-01 a      1484     1    24     2     9
  3.0576847152316433E-01 a      1485     1    24     2    10
 -1.3474523160790652E+00 a      1486     1    24     2    11
 -9.1656368578584180E-01 a      1487     1    24     2    12
  9.4054801392126619E-01 a      1488     1    24     2    13
 -3.1458563487618629E-01 a      1489     1    24     2    14
 -1.7834926344048460E-01 a      1490     1    24     2    15
 -8.5769262078401395E-02 a      1491     1    24     2    16
  1.3465137896274557E-01 a      1492     1    24     2    17
 -2.7307242806629178E-01 a      1493     1    24     2    18
  2.4738565885275370E+00 a      1494     1    24     2    19
  1.5504128557080263E+00 a      1495     1    24     2    20
 -1.2242875613987070E+00 a      1496     1    24     2    21
  3.2977091853590590E-01 a      1497     1    24     2    22
  3.4796888824247030E+00 a      1498     1    24     2    23
 -2.6940254199233366E-01 a      1499     1    24     2    24
  3.4440876845098128E-01 a      1500     1    24     2    25
 -1.3434368172968747E+00 a      1501     1    25     2     1
 -5.9486855107205172E-01 a      1502     1    25     2     2
 -1.2299673431886481E-01 a      1503     1    25     2     3
 -2.5413457158808712E+00 a      1504     1    25     2     4
 -1.5276080294648975E+00 a      1505     1    25     2     5
  8.1052124761299194E-01 a      1506     1    25     2     6
 -4.0219759917566460E+00 a      1507     1    25     2     7
  1.0305967665257099E+00 a      1508     1    25     2     8
  2.3166590876972299E+00 a      1509     1    25     2     9
  3.3510438244896701E+00 a      1510     1    25     2    10
  3.5508053376587312E+00 a      1511     1    25     2    11
  1.1653171012353523E+00 a      1512     1    25     2    12
  3.4410317122293881E+00 a      1513     1    25     2    13
  1.2077318467877129E+00 a      1514     1    25     2    14
 -4.6088011623167707E-01 a      1515     1    25     2    15
 -1.0762077058162282E-01 a      1516     1    25     2    16
 -2.6319574612899475E+00 a      1517     1    25     2    17
  1.4903573241633463E+00 a      1518     1    25     2    18
 -1.7120712218475012E+00 a      1519     1    25     2    19
 -4.1489796403507171E+00 a      1520     1    25     2    20
  1.0647974647841336E+00 a      1521     1    25     2    21
  2.7835316732568399E-01 a      1522     1    25     2    22
  2.7819665553012229E+00 a      1523     1    25     2    23
 -1.8790331847717642E-01 a      1524     1    25     2    24
  4.2559061654644925E-01 a      1525     1    25     2    25
  9.8264601706323980E+00 b      1526     2     1
  1.2543893820313222E+01 b      1527     2     2
 -1.8645475864411878E+00 b      1528     2     3
  2.2693701531495512E+00 b      1529     2     4
 -6.5916309144091223E-01 b      1530     2     5
 -2.0971180350630586E+01 b      1531     2     6
 -9.4258964485960084E-01 b      1532     2     7
  5.1778941843035229E+00 b      1533     2     8
  1.6404821092165861E+01 b      1534     2     9
  1.0446736533210486E+00 b      1535     2    10
 -9.9053749519519965E+00 b      1536     2    11
 -1.3792517069057698E+01 b      1537     2    12
  6.9295069998326864E-01 b      1538     2    13
 -6.2770952612782507E+00 b      1539     2    14
  4.0792478459010004E+00 b      1540     2    15
 -4.6698013276443957E+00 b      1541     2    16
 -5.0258393113940700E+00 b      1542     2    17
 -7.1060692103045131E-01 b      1543     2    18
  2.5154503329076427E+01 b      1544     2    19
 -3.8477973697807819E+00 b      1545     2    20
 -6.5825653375260478E+00 b      1546     2    21
  4.4111809233622221E+00 b      1547     2    22
  7.7022152672312938E+00 b      1548     2    23
 -1.7278186514769811E+00 b      1549     2    24
  1.9951562251681901E-01 b      1550     2    25
  5.6531746078822573E+00 a      1551     2     1     3     1
  6.0776706667531668E+00 a      1552     2     2     3     1
  1.9927511162216589E+00 a      1553     2     3     3     1
  3.8316688916501791E+00 a      1554     2     4     3     1
 -3.3883754429902324E+00 a      1555     2     5     3     1
 -1.5287615596429314E+00 a      1556     2     6     3     1
 -2.3601833538262871E+00 a      1557     2     7     3     1
 -2.2621414566092093E+00 a      1558     2     8     3     1
  1.3822229726329918E+00 a      1559     2     9     3     1
  1.9505852875325806E+00 a      1560     2    10     3     1
  1.2554853711824627E+00 a      1561     2    11     3     1
  3.3757571642405453E+00 a      1562     2    12     3     1
 -1.4084846710710281E+00 a      1563     2    13     3     1
 -3.5055439083039897E+00 a      1564     2    14     3     1
  1.3324740534950044E+01 a      1565     2    15     3     1
 -3.0144919387948979E+00 a      1566     2    16     3     1
  1.7673186955687020E-01 a      1567     2    17     3     1
  8.4420085667796805E+00 a      1568     2    18     3     1
 -4.5579754667383154E-01 a      1569     2    19     3     1
  1.5395123790750069E+00 a      1570     2    20     3     1
 -3.1831107885726357E+00 a      1571     2    21     3     1
  4.9834988657917556E+00 a      1572     2    22     3     1
  3.1229113468216751E-01 a      1573     2    23     3     1
 -5.4735959892679809E+00 a      1574     2    24     3     1
  5.7951710140540715E+00 a      1575     2    25     3     1
  1.4628837914953655E+01 b      1576     3     1
